{
 "cells": [
  {
   "cell_type": "code",
   "execution_count": 4,
   "metadata": {},
   "outputs": [
    {
     "name": "stdout",
     "output_type": "stream",
     "text": [
      "d is squareformed\n",
      "[[0.00000000e+00 0.00000000e+00 0.00000000e+00 ... 0.00000000e+00\n",
      "  0.00000000e+00 0.00000000e+00]\n",
      " [1.95619997e-05 2.13084291e-05 1.82676956e-05 ... 1.93605231e-05\n",
      "  1.91672585e-05 2.02379871e-05]\n",
      " [2.63924017e-03 5.79243245e-03 4.87791149e-03 ... 4.32487993e-03\n",
      "  3.57484627e-03 3.34426012e-03]\n",
      " ...\n",
      " [1.85234510e-01 1.86801899e-01 1.84560936e-01 ... 1.57475616e-01\n",
      "  1.58740074e-01 1.56439226e-01]\n",
      " [9.21956159e-01 9.24235272e-01 9.22189827e-01 ... 8.82174243e-01\n",
      "  8.81409150e-01 8.83485616e-01]\n",
      " [1.73011737e+00 1.72960421e+00 1.72983640e+00 ... 1.68604310e+00\n",
      "  1.68459984e+00 1.68519407e+00]]\n",
      "pre sum)\n",
      "Updated\n",
      "[0.00014012 0.00014012 0.00014012 ... 0.00014012 0.00014012 0.00014012]\n",
      "Dist AFTER squareform: [[0.         0.00659074 0.0062464  ... 0.15397544 0.15525093 0.15317906]\n",
      " [0.00659074 0.         0.00850317 ... 0.15566479 0.15700914 0.15493949]\n",
      " [0.0062464  0.00850317 0.         ... 0.15338585 0.15468846 0.15269997]\n",
      " ...\n",
      " [0.15397544 0.15566479 0.15338585 ... 0.         0.00478058 0.0078567 ]\n",
      " [0.15525093 0.15700914 0.15468846 ... 0.00478058 0.         0.00716218]\n",
      " [0.15317906 0.15493949 0.15269997 ... 0.0078567  0.00716218 0.        ]]\n",
      "distance proper init\n",
      "entering try\n",
      " IS this working???\n",
      "sucessfully\n",
      "entered lund\n",
      "G EigenVecs [[ 1.00000000e+00  1.48489865e-10 -2.99893582e-12  1.09429080e-12\n",
      "   5.97405931e-13 -4.10899251e-13 -1.17073006e-13  4.69550553e-15\n",
      "  -3.76458166e-12  7.54675708e-02]\n",
      " [ 1.00000000e+00  1.48489796e-10 -2.99917503e-12  1.09448789e-12\n",
      "   5.97705005e-13 -4.11727848e-13 -1.17348856e-13  4.57002614e-15\n",
      "  -3.69095898e-12  7.39906119e-02]\n",
      " [ 1.00000000e+00  1.48489901e-10 -2.99943057e-12  1.09470642e-12\n",
      "   5.97979718e-13 -4.12445158e-13 -1.17556026e-13  4.56865679e-15\n",
      "  -3.61813515e-12  7.25304856e-02]\n",
      " [ 1.00000000e+00  1.48489871e-10 -2.99895024e-12  1.09430171e-12\n",
      "   5.97423455e-13 -4.10874285e-13 -1.17023991e-13  4.73096408e-15\n",
      "  -3.76550567e-12  7.54862326e-02]\n",
      " [ 1.00000000e+00  1.48489943e-10 -2.99939373e-12  1.09467632e-12\n",
      "   5.97935687e-13 -4.12401879e-13 -1.17537964e-13  4.62075069e-15\n",
      "  -3.61825381e-12  7.25334680e-02]\n",
      " [ 1.00000000e+00  1.48492315e-10 -3.01342416e-12  1.10706831e-12\n",
      "   6.14948646e-13 -4.58868408e-13 -1.31989557e-13  2.63772569e-15\n",
      "   8.90581080e-13 -1.78691652e-02]\n",
      " [ 1.00000000e+00  1.48492330e-10 -3.01348902e-12  1.10712491e-12\n",
      "   6.15025948e-13 -4.59062439e-13 -1.32057035e-13  2.61862934e-15\n",
      "   9.09886316e-13 -1.82560375e-02]\n",
      " [ 1.00000000e+00  1.48492425e-10 -3.01375810e-12  1.10737851e-12\n",
      "   6.15326312e-13 -4.59669425e-13 -1.32180952e-13  2.67121389e-15\n",
      "   9.79328097e-13 -1.96481931e-02]\n",
      " [ 1.00000000e+00  1.48492433e-10 -3.01376242e-12  1.10738377e-12\n",
      "   6.15330862e-13 -4.59664187e-13 -1.32160303e-13  2.68079691e-15\n",
      "   9.81368456e-13 -1.96888973e-02]\n",
      " [ 1.00000000e+00  1.48492427e-10 -3.01376403e-12  1.10738633e-12\n",
      "   6.15336781e-13 -4.59661232e-13 -1.32164565e-13  2.63697031e-15\n",
      "   9.81184782e-13 -1.96850700e-02]]\n",
      "replicate error\n",
      "DiffusionDistance [[0.00000000e+00 1.22696529e-03 2.43994706e-03 1.55030497e-05\n",
      "  2.43746946e-03 7.75383340e-02 7.78597234e-02 7.90162394e-02\n",
      "  7.90500539e-02 7.90468744e-02]\n",
      " [1.22696529e-03 0.00000000e+00 1.21298177e-03 1.24246834e-03\n",
      "  1.21050417e-03 7.63113688e-02 7.66327581e-02 7.77892741e-02\n",
      "  7.78230886e-02 7.78199091e-02]\n",
      " [2.43994706e-03 1.21298177e-03 0.00000000e+00 2.45545011e-03\n",
      "  2.47760222e-06 7.50983870e-02 7.54197763e-02 7.65762923e-02\n",
      "  7.66101068e-02 7.66069274e-02]\n",
      " [1.55030497e-05 1.24246834e-03 2.45545011e-03 0.00000000e+00\n",
      "  2.45297251e-03 7.75538371e-02 7.78752264e-02 7.90317424e-02\n",
      "  7.90655569e-02 7.90623775e-02]\n",
      " [2.43746946e-03 1.21050417e-03 2.47760222e-06 2.45297251e-03\n",
      "  0.00000000e+00 7.51008646e-02 7.54222539e-02 7.65787699e-02\n",
      "  7.66125844e-02 7.66094050e-02]\n",
      " [7.75383340e-02 7.63113688e-02 7.50983870e-02 7.75538371e-02\n",
      "  7.51008646e-02 0.00000000e+00 3.21389343e-04 1.47790534e-03\n",
      "  1.51171981e-03 1.50854038e-03]\n",
      " [7.78597234e-02 7.66327581e-02 7.54197763e-02 7.78752264e-02\n",
      "  7.54222539e-02 3.21389343e-04 0.00000000e+00 1.15651600e-03\n",
      "  1.19033047e-03 1.18715104e-03]\n",
      " [7.90162394e-02 7.77892741e-02 7.65762923e-02 7.90317424e-02\n",
      "  7.65787699e-02 1.47790534e-03 1.15651600e-03 0.00000000e+00\n",
      "  3.38144757e-05 3.06350467e-05]\n",
      " [7.90500539e-02 7.78230886e-02 7.66101068e-02 7.90655569e-02\n",
      "  7.66125844e-02 1.51171981e-03 1.19033047e-03 3.38144757e-05\n",
      "  0.00000000e+00 3.17942906e-06]\n",
      " [7.90468744e-02 7.78199091e-02 7.66069274e-02 7.90623775e-02\n",
      "  7.66094050e-02 1.50854038e-03 1.18715104e-03 3.06350467e-05\n",
      "  3.17942906e-06 0.00000000e+00]]\n",
      "test\n"
     ]
    },
    {
     "ename": "IndexError",
     "evalue": "boolean index did not match indexed array along dimension 0; dimension is 10 but corresponding boolean dimension is 7138",
     "output_type": "error",
     "traceback": [
      "\u001b[0;31m---------------------------------------------------------------------------\u001b[0m",
      "\u001b[0;31mIndexError\u001b[0m                                Traceback (most recent call last)",
      "\u001b[1;32m/Users/aryamantepal/Desktop/Tufts2024/lund_low_dim.ipynb Cell 1\u001b[0m line \u001b[0;36m2\n\u001b[1;32m     <a href='vscode-notebook-cell:/Users/aryamantepal/Desktop/Tufts2024/lund_low_dim.ipynb#W2sZmlsZQ%3D%3D?line=21'>22</a>\u001b[0m G \u001b[39m=\u001b[39m graph_extractor\u001b[39m.\u001b[39mextract_graph(X)\n\u001b[1;32m     <a href='vscode-notebook-cell:/Users/aryamantepal/Desktop/Tufts2024/lund_low_dim.ipynb#W2sZmlsZQ%3D%3D?line=23'>24</a>\u001b[0m t \u001b[39m=\u001b[39m \u001b[39m43\u001b[39m\n\u001b[0;32m---> <a href='vscode-notebook-cell:/Users/aryamantepal/Desktop/Tufts2024/lund_low_dim.ipynb#W2sZmlsZQ%3D%3D?line=25'>26</a>\u001b[0m C, K, Dt \u001b[39m=\u001b[39m LearningbyUnsupervisedNonlinearDiffusion(X, t, G,p)\n\u001b[1;32m     <a href='vscode-notebook-cell:/Users/aryamantepal/Desktop/Tufts2024/lund_low_dim.ipynb#W2sZmlsZQ%3D%3D?line=27'>28</a>\u001b[0m \u001b[39mprint\u001b[39m(\u001b[39m\"\u001b[39m\u001b[39mCluster labels:\u001b[39m\u001b[39m\"\u001b[39m, C)\n\u001b[1;32m     <a href='vscode-notebook-cell:/Users/aryamantepal/Desktop/Tufts2024/lund_low_dim.ipynb#W2sZmlsZQ%3D%3D?line=28'>29</a>\u001b[0m \u001b[39mprint\u001b[39m(\u001b[39m\"\u001b[39m\u001b[39mNumber of clusters:\u001b[39m\u001b[39m\"\u001b[39m, K)\n",
      "File \u001b[0;32m~/Desktop/Tufts2024/lund/lund.py:44\u001b[0m, in \u001b[0;36mLearningbyUnsupervisedNonlinearDiffusion\u001b[0;34m(X, t, G, p, K_known)\u001b[0m\n\u001b[1;32m     42\u001b[0m \u001b[39mif\u001b[39;00m p[i] \u001b[39m!=\u001b[39m np\u001b[39m.\u001b[39mmax(p):\n\u001b[1;32m     43\u001b[0m     \u001b[39mprint\u001b[39m(\u001b[39m\"\u001b[39m\u001b[39mtest\u001b[39m\u001b[39m\"\u001b[39m)\n\u001b[0;32m---> 44\u001b[0m     rt[i] \u001b[39m=\u001b[39m np\u001b[39m.\u001b[39mmin(DiffusionDistance[p \u001b[39m>\u001b[39;49m p[i], i])\n\u001b[1;32m     45\u001b[0m \u001b[39melse\u001b[39;00m:\n\u001b[1;32m     46\u001b[0m     rt[i] \u001b[39m=\u001b[39m np\u001b[39m.\u001b[39mmax(DiffusionDistance[i, :])\n",
      "\u001b[0;31mIndexError\u001b[0m: boolean index did not match indexed array along dimension 0; dimension is 10 but corresponding boolean dimension is 7138"
     ]
    }
   ],
   "source": [
    "import numpy as np\n",
    "from sklearn.neighbors import kneighbors_graph\n",
    "from scipy.sparse.csgraph import laplacian\n",
    "from scipy.spatial.distance import pdist, squareform\n",
    "from lund.lund import LearningbyUnsupervisedNonlinearDiffusion\n",
    "from lund.utils import GraphExtractor,DensityEstimator\n",
    "from model.utils import loadHSI,calculate_aligned_accuracy\n",
    "\n",
    "\n",
    "data_path, gt_path, data_name, gt_name = '/Users/seoli/Desktop/DIAMONDS/Tufts2024/data/SalinasA_corrected.mat', '/Users/seoli/Desktop/DIAMONDS/Tufts2024/data/SalinasA_gt.mat', 'salinasA_corrected', 'salinasA_gt'\n",
    "# data_path, gt_path, data_name, gt_name = '/Users/aryamantepal/Desktop/Tufts2024/data/SalinasA_corrected.mat', '/Users/aryamantepal/Desktop/Tufts2024/data/SalinasA_gt.mat', 'salinasA_corrected', 'salinasA_gt'\n",
    "\n",
    "\n",
    "X, M, N, D, HSI, GT, Y, n, K = loadHSI(data_path, gt_path, data_name, gt_name)\n",
    "\n",
    "GT = GT - 1\n",
    "HSI = X.reshape((M, N, D))\n",
    "\n",
    "graph_extractor = GraphExtractor(sigma=1.0, DiffusionNN=10, NEigs=5) #should probably add like sucess print statements here bc idrk if this works just yet..\n",
    "density_estimator = DensityEstimator(DensityNN=10, Sigma0=1.0)\n",
    "\n",
    "p = density_estimator.kde(X)\n",
    "print(p)\n",
    "G = graph_extractor.extract_graph(X)\n",
    "\n",
    "t = 43\n",
    "\n",
    "C, K, Dt = LearningbyUnsupervisedNonlinearDiffusion(X, t, G,p)\n",
    "\n",
    "print(\"Cluster labels:\", C)\n",
    "print(\"Number of clusters:\", K)\n",
    "print(\"Diffusion distances:\", Dt)\n",
    "\n",
    "accuracy = calculate_aligned_accuracy(GT, C)\n",
    "print(\"Aligned Accuracy:\", accuracy)\n",
    "\n",
    "#note potentially worth running in an env. i cant\n"
   ]
  },
  {
   "cell_type": "code",
   "execution_count": null,
   "metadata": {},
   "outputs": [],
   "source": []
  }
 ],
 "metadata": {
  "kernelspec": {
   "display_name": "csci1470",
   "language": "python",
   "name": "python3"
  },
  "language_info": {
   "codemirror_mode": {
    "name": "ipython",
    "version": 3
   },
   "file_extension": ".py",
   "mimetype": "text/x-python",
   "name": "python",
   "nbconvert_exporter": "python",
   "pygments_lexer": "ipython3",
   "version": "3.10.14"
  }
 },
 "nbformat": 4,
 "nbformat_minor": 2
}
