{
 "cells": [
  {
   "cell_type": "code",
   "execution_count": 2,
   "metadata": {},
   "outputs": [
    {
     "name": "stdout",
     "output_type": "stream",
     "text": [
      "Data shape: (1000, 2)\n",
      "d is squareformed\n",
      "[[0.         0.         0.         ... 0.         0.         0.        ]\n",
      " [0.05002042 0.03542763 0.00564436 ... 0.01513758 0.02412449 0.02531855]\n",
      " [0.05116843 0.04874425 0.02182114 ... 0.03364947 0.0576586  0.0327489 ]\n",
      " ...\n",
      " [2.26166459 1.79903096 1.88033143 ... 2.46803924 2.18613066 3.14015715]\n",
      " [2.26842281 1.80912744 1.902898   ... 2.4868095  2.19965193 3.14397907]\n",
      " [2.3304678  1.84941649 1.94894806 ... 2.53795002 2.22362193 3.23291146]]\n",
      "pre sum)\n",
      "Updated\n",
      "Dist AFTER squareform: [[0.         1.41150352 0.61743948 ... 1.87643648 1.81906005 1.42310565]\n",
      " [1.41150352 0.         0.98162378 ... 0.73023402 0.43553007 1.59385387]\n",
      " [0.61743948 0.98162378 0.         ... 1.29451846 1.32477364 1.68657718]\n",
      " ...\n",
      " [1.87643648 0.73023402 1.29451846 ... 0.         0.4676459  2.32218543]\n",
      " [1.81906005 0.43553007 1.32477364 ... 0.4676459  0.         1.97487621]\n",
      " [1.42310565 1.59385387 1.68657718 ... 2.32218543 1.97487621 0.        ]]\n",
      "distance proper init\n",
      "entering try\n",
      " IS this working???\n",
      "Eigenvalues shape: (10,)\n",
      "Eigenvectors shape: (10, 10)\n",
      "sucessfully\n",
      "entered lund\n",
      "Number of Eigenvalues: 10\n",
      "Number of Eigenvectors: 10\n",
      "G EigenVecs [[ 1.00000000e+00  4.71868417e-03  2.12921167e-02 -3.42798959e-04\n",
      "  -9.28443303e-04 -3.61286959e-02 -2.16769259e-02 -7.06887521e-02\n",
      "   1.59156692e-03 -9.07589337e-02]\n",
      " [ 1.00000000e+00 -4.21258440e-02  6.05535846e-04  1.60146867e-02\n",
      "   5.57659761e-03  1.44060921e-03  9.36807333e-04  1.19511678e-02\n",
      "   6.81868674e-02 -8.24799792e-04]\n",
      " [ 1.00000000e+00  4.56717222e-03 -1.84604729e-03  3.24155945e-04\n",
      "  -4.46800265e-04  2.35540356e-03  9.14518487e-03  1.97459448e-03\n",
      "  -7.71324692e-05 -1.15996952e-03]\n",
      " [ 1.00000000e+00  5.12233349e-03  6.84621766e-02 -1.98606001e-03\n",
      "   1.13723380e-03  5.90329514e-02  4.59134036e-02 -1.29546493e-02\n",
      "   1.57160117e-04  2.64472728e-02]\n",
      " [ 1.00000000e+00 -4.55205204e-02 -8.11769378e-03 -2.52956721e-02\n",
      "   6.10321244e-02 -2.15048958e-03 -1.01157426e-03 -1.89330264e-03\n",
      "  -6.38231105e-03 -2.09915531e-03]\n",
      " [ 1.00000000e+00 -4.59628583e-02 -9.39595187e-03 -3.15863373e-02\n",
      "   6.42374159e-02 -2.55627211e-03 -1.25412376e-03 -5.25937524e-03\n",
      "  -2.69741145e-02 -6.24558746e-04]\n",
      " [ 1.00000000e+00 -4.09252421e-02  2.39080074e-03  2.25973494e-02\n",
      "  -1.00691179e-02  1.26616903e-03  6.92419153e-04  8.33926610e-04\n",
      "  -1.91540784e-03  1.57507617e-03]\n",
      " [ 1.00000000e+00 -4.22945945e-02  2.53924599e-04  1.44741465e-02\n",
      "   8.61109472e-03  1.33751619e-03  8.93008102e-04  1.25572604e-02\n",
      "   7.27017354e-02 -1.40795116e-03]\n",
      " [ 1.00000000e+00  5.00321520e-03  5.28725368e-02 -1.42541168e-03\n",
      "  -2.46927306e-04 -3.70300384e-02 -3.56924623e-02  5.36582429e-02\n",
      "  -1.02509614e-03  2.56399849e-02]\n",
      " [ 1.00000000e+00  5.08951011e-03  6.40099147e-02 -1.82437660e-03\n",
      "   6.62162369e-04  2.34870243e-02  1.49115601e-02  2.26317132e-02\n",
      "  -5.29280804e-04  5.60669335e-02]]\n",
      "replicate error\n",
      "DiffusionDistance [[0.         0.12339037 0.09723872 0.14552942 0.12254312 0.12680403\n",
      "  0.10790197 0.12508941 0.1312262  0.14479375]\n",
      " [0.12339037 0.         0.07393822 0.12161266 0.08873918 0.10482832\n",
      "  0.05828055 0.00481397 0.10860842 0.10694529]\n",
      " [0.09723872 0.07393822 0.         0.09400817 0.08020643 0.08736823\n",
      "  0.05189202 0.07668763 0.08783798 0.07950396]\n",
      " [0.14552942 0.12161266 0.09400817 0.         0.12973956 0.13462714\n",
      "  0.10778827 0.1235858  0.1245728  0.05451326]\n",
      " [0.12254312 0.08873918 0.08020643 0.12973956 0.         0.01791806\n",
      "  0.0809413  0.08898937 0.1184772  0.11735779]\n",
      " [0.12680403 0.10482832 0.08736823 0.13462714 0.01791806 0.\n",
      "  0.08933844 0.10543742 0.12438861 0.12296954]\n",
      " [0.10790197 0.05828055 0.05189202 0.10778827 0.0809413  0.08933844\n",
      "  0.         0.06264458 0.09711845 0.09290664]\n",
      " [0.12508941 0.00481397 0.07668763 0.1235858  0.08898937 0.10543742\n",
      "  0.06264458 0.         0.11050173 0.10910881]\n",
      " [0.1312262  0.10860842 0.08783798 0.1245728  0.1184772  0.12438861\n",
      "  0.09711845 0.11050173 0.         0.07762123]\n",
      " [0.14479375 0.10694529 0.07950396 0.05451326 0.11735779 0.12296954\n",
      "  0.09290664 0.10910881 0.07762123 0.        ]]\n",
      "test\n"
     ]
    },
    {
     "ename": "IndexError",
     "evalue": "boolean index did not match indexed array along dimension 0; dimension is 10 but corresponding boolean dimension is 1000",
     "output_type": "error",
     "traceback": [
      "\u001b[0;31m---------------------------------------------------------------------------\u001b[0m",
      "\u001b[0;31mIndexError\u001b[0m                                Traceback (most recent call last)",
      "Cell \u001b[0;32mIn[2], line 31\u001b[0m\n\u001b[1;32m     27\u001b[0m G \u001b[38;5;241m=\u001b[39m graph_extractor\u001b[38;5;241m.\u001b[39mextract_graph(X)\n\u001b[1;32m     29\u001b[0m t \u001b[38;5;241m=\u001b[39m \u001b[38;5;241m43\u001b[39m\n\u001b[0;32m---> 31\u001b[0m C, K, Dt \u001b[38;5;241m=\u001b[39m \u001b[43mLearningbyUnsupervisedNonlinearDiffusion\u001b[49m\u001b[43m(\u001b[49m\u001b[43mX\u001b[49m\u001b[43m,\u001b[49m\u001b[43m \u001b[49m\u001b[43mt\u001b[49m\u001b[43m,\u001b[49m\u001b[43m \u001b[49m\u001b[43mG\u001b[49m\u001b[43m,\u001b[49m\u001b[43m \u001b[49m\u001b[43mp\u001b[49m\u001b[43m)\u001b[49m\n\u001b[1;32m     35\u001b[0m \u001b[38;5;28mprint\u001b[39m(\u001b[38;5;124m\"\u001b[39m\u001b[38;5;124mCluster labels:\u001b[39m\u001b[38;5;124m\"\u001b[39m, C)\n\u001b[1;32m     36\u001b[0m \u001b[38;5;28mprint\u001b[39m(\u001b[38;5;124m\"\u001b[39m\u001b[38;5;124mNumber of clusters:\u001b[39m\u001b[38;5;124m\"\u001b[39m, K)\n",
      "File \u001b[0;32m~/Desktop/DIAMONDS/Tufts2024/lund/lund.py:47\u001b[0m, in \u001b[0;36mLearningbyUnsupervisedNonlinearDiffusion\u001b[0;34m(X, t, G, p, K_known)\u001b[0m\n\u001b[1;32m     45\u001b[0m \u001b[38;5;28;01mif\u001b[39;00m p[i] \u001b[38;5;241m!=\u001b[39m np\u001b[38;5;241m.\u001b[39mmax(p):\n\u001b[1;32m     46\u001b[0m     \u001b[38;5;28mprint\u001b[39m(\u001b[38;5;124m\"\u001b[39m\u001b[38;5;124mtest\u001b[39m\u001b[38;5;124m\"\u001b[39m)\n\u001b[0;32m---> 47\u001b[0m     rt[i] \u001b[38;5;241m=\u001b[39m np\u001b[38;5;241m.\u001b[39mmin(\u001b[43mDiffusionDistance\u001b[49m\u001b[43m[\u001b[49m\u001b[43mp\u001b[49m\u001b[43m \u001b[49m\u001b[38;5;241;43m>\u001b[39;49m\u001b[43m \u001b[49m\u001b[43mp\u001b[49m\u001b[43m[\u001b[49m\u001b[43mi\u001b[49m\u001b[43m]\u001b[49m\u001b[43m,\u001b[49m\u001b[43m \u001b[49m\u001b[43mi\u001b[49m\u001b[43m]\u001b[49m)\n\u001b[1;32m     48\u001b[0m \u001b[38;5;28;01melse\u001b[39;00m:\n\u001b[1;32m     49\u001b[0m     rt[i] \u001b[38;5;241m=\u001b[39m np\u001b[38;5;241m.\u001b[39mmax(DiffusionDistance[i, :])\n",
      "\u001b[0;31mIndexError\u001b[0m: boolean index did not match indexed array along dimension 0; dimension is 10 but corresponding boolean dimension is 1000"
     ]
    }
   ],
   "source": [
    "import numpy as np\n",
    "from sklearn.neighbors import kneighbors_graph\n",
    "from sklearn.datasets import make_moons\n",
    "\n",
    "from scipy.sparse.csgraph import laplacian\n",
    "from scipy.spatial.distance import pdist, squareform\n",
    "from lund.lund import LearningbyUnsupervisedNonlinearDiffusion\n",
    "from lund.utils import GraphExtractor,DensityEstimator\n",
    "from model.utils import loadHSI,calculate_aligned_accuracy\n",
    "\n",
    "# data_path, gt_path, data_name, gt_name = '/Users/seoli/Desktop/DIAMONDS/Tufts2024/data/SalinasA_corrected.mat', '/Users/seoli/Desktop/DIAMONDS/Tufts2024/data/SalinasA_gt.mat', 'salinasA_corrected', 'salinasA_gt'\n",
    "\n",
    "\n",
    "# X, M, N, D, HSI, GT, Y, n, K = loadHSI(data_path, gt_path, data_name, gt_name)\n",
    "# print(X.shape)\n",
    "X, GT = make_moons(n_samples=1000, noise=0.1)\n",
    "\n",
    "print(\"Data shape:\", X.shape)\n",
    "\n",
    "# GT = GT - 1\n",
    "# HSI = X.reshape((M, N, D))\n",
    "\n",
    "graph_extractor = GraphExtractor(sigma=1.0, DiffusionNN=10, NEigs=10) #should probably add like sucess print statements here bc idrk if this works just yet..\n",
    "density_estimator = DensityEstimator(DensityNN=10, Sigma0=1.0)\n",
    "\n",
    "p = density_estimator.kde(X)\n",
    "G = graph_extractor.extract_graph(X)\n",
    "\n",
    "t = 43\n",
    "\n",
    "C, K, Dt = LearningbyUnsupervisedNonlinearDiffusion(X, t, G, p)\n",
    "\n",
    "\n",
    "\n",
    "print(\"Cluster labels:\", C)\n",
    "print(\"Number of clusters:\", K)\n",
    "print(\"Diffusion distances:\", Dt)\n",
    "\n",
    "accuracy = calculate_aligned_accuracy(GT, C)\n",
    "print(\"Aligned Accuracy:\", accuracy)\n",
    "\n"
   ]
  }
 ],
 "metadata": {
  "kernelspec": {
   "display_name": "csci1470",
   "language": "python",
   "name": "python3"
  },
  "language_info": {
   "codemirror_mode": {
    "name": "ipython",
    "version": 3
   },
   "file_extension": ".py",
   "mimetype": "text/x-python",
   "name": "python",
   "nbconvert_exporter": "python",
   "pygments_lexer": "ipython3",
   "version": "3.10.14"
  }
 },
 "nbformat": 4,
 "nbformat_minor": 2
}
